ButtonIndex	ButtonValue
1	950001
2	950002
3	950003
4	950004
5	950006
6	950007
7	950008
8	950009
9	950010
10	950011
11	950012
12	950013
13	950014
14	950015
15	950016
16	950017
17	950018
18	950019
19	950020
20	950021
21	950022
22	950023
23	950024
24	950025
25	950026
26	950027
27	950028
28	950029
29	950030
30	950031
31	950032
32	950033
33	950034
34	950035
35	950036
36	950037
37	950038
38	950039
39	950040
40	950041
41	950042
42	950043
43	950044
44	950045
45	950046
46	950047
47	950048
48	950049
49	950050
50	950051
51	950052
52	950053
53	950054
54	950055
55	950056
56	950057
57	950058
58	950059
59	950060
60	950061
61	950062
62	950064
63	950066
64	950067
65	950068
66	950069
67	950070
68	950071
69	950072
70	950073
71	950074
72	950075
73	950077
74	950078
75	950079
76	950080
77	950081
78	950082
79	950083
80	950084
81	950085
82	950086
83	950087
84	950088
85	950089
86	950090
87	950091
88	950092
89	950093
90	950094
91	950095
92	950096
93	950097
94	950098
95	950099
96	950100
97	950101
98	950102
99	950103
100	950104
101	950105
102	950106
103	950107
104	950108
105	950109
106	950110
107	950111
108	950112
109	950113
110	950114
111	950115
112	950116
113	0
114	0
115	0
116	0
117	0
118	0
119	0
120	0
121	0
122	0
123	0
124	0
125	0
126	0
127	0
128	0
129	0
130	0
131	0
132	0
133	0
134	0
135	0
136	0
137	0
138	0
139	0
140	0
141	0
142	0
143	0
144	0
145	0
146	0
147	0
148	0
149	0
150	0
151	0
152	0
153	0
154	0
155	0
156	0
157	0
158	0
159	0
160	0
161	0
162	0
163	0
164	0
165	0
166	0
167	0
168	0
169	0
170	0
171	0
172	0
173	0
174	0
175	0
176	0
177	0
178	0
179	0
180	0
181	0
182	0
183	0
184	0
185	0
186	0
187	0
188	0
189	0
190	0
191	0
192	0
193	0
194	0
195	0
196	0
197	0
198	0
199	0
200	0
201	0
202	0
203	0
204	0
205	0
206	0
207	0
208	0
209	0
210	0
211	0
212	0
213	0
214	0
215	0
216	0
217	0
218	0
219	0
220	0
221	0
222	0
223	0
224	0